0.63787
0.64822
0.64779
0.62346
0.62790
0.64333
0.60796
0.62743
0.67770
0.61774
0.62793
0.60325
0.60764
0.62788
0.61749
0.61301
0.62795
0.62789
0.62787
0.61792
0.61794
0.63787
0.60832
0.65735
0.62299
0.63338
0.62756
0.62789
0.62790
0.61784
0.63790
0.62757
0.59750
0.62837
0.63837
0.62835
0.130526
0.58841
0.62294
0.62831
0.61838
0.61256
0.62837
0.61262
0.65287
0.60794
0.62345
0.58755
0.62788
0.62844
0.67731
0.69279
0.63788
0.62787
0.62789
0.61806
0.190940
0.103658
0.62753
0.64822
0.64739
0.62756
0.110632
0.70763
0.112131
0.70758
0.68770
0.69770
0.117610
0.63781
0.63790
0.67773
0.67810
0.66823
0.65739
0.66779
0.109634
0.63784
0.62783
0.101161
0.72762
0.100818
0.63835
0.65206
0.60829
0.64837
0.59801
0.64790
0.101661
0.61792
0.62788
0.61798
0.60752
0.64822
0.63837
0.62791
0.62751
0.61754
0.59795
0.61298
