0 10 4984
1 10 6035
2 10 5926
3 10 16944
4 10 29900
5 10 7485
6 10 5981
7 10 5999
8 10 4978
9 10 5979
---------------
0 110 6978
1 110 3984
2 110 6977
3 110 4987
4 110 5976
5 110 4988
6 110 4983
7 110 3982
8 110 4983
9 110 3985
---------------
0 210 4983
1 210 4983
2 210 5980
3 210 4989
4 210 4978
5 210 4984
6 210 4982
7 210 5981
8 210 4982
9 210 3988
---------------
0 310 3987
1 310 4984
2 310 4982
3 310 4984
4 310 5985
5 310 4983
6 310 4983
7 310 4984
8 310 4983
9 310 4983
---------------
0 410 5974
1 410 4984
2 410 4989
3 410 3986
4 410 4039
5 410 4973
6 410 5937
7 410 4984
8 410 5979
9 410 4984
---------------
0 510 6014
1 510 4950
2 510 4986
3 510 3984
4 510 4934
5 510 4983
6 510 4984
7 510 5036
8 510 4975
9 510 4973
---------------
0 610 6939
1 610 7012
2 610 5944
3 610 4984
4 610 4983
5 610 6019
6 610 5031
7 610 4936
8 610 5981
9 610 4984
---------------
0 710 5981
1 710 5977
2 710 4985
3 710 5980
4 710 3993
5 710 4983
6 710 5980
7 710 4981
8 710 4988
9 710 4989
---------------
0 810 4984
1 810 4978
2 810 4989
3 810 4979
4 810 4988
5 810 5980
6 810 3992
7 810 5981
8 810 5980
9 810 5980
---------------
0 910 6971
1 910 5986
2 910 4979
3 910 4982
4 910 6977
5 910 4984
6 910 5979
7 910 4983
8 910 4984
9 910 5986
---------------
0 1010 4982
1 1010 4985
2 1010 8969
3 1010 5979
4 1010 5987
5 1010 5979
6 1010 4984
7 1010 6975
8 1010 4983
9 1010 5980
---------------
0 1110 4982
1 1110 4989
2 1110 6976
3 1110 5980
4 1110 6970
5 1110 5982
6 1110 4984
7 1110 4982
8 1110 6977
9 1110 3987
---------------
0 1210 5979
1 1210 4985
2 1210 5979
3 1210 6977
4 1210 6978
5 1210 4984
6 1210 5979
7 1210 4984
8 1210 5980
9 1210 5979
---------------
0 1310 4988
1 1310 4985
2 1310 4975
3 1310 3992
4 1310 4983
5 1310 3987
6 1310 4983
7 1310 3988
8 1310 3992
9 1310 4983
---------------
0 1410 3985
1 1410 4032
2 1410 6934
3 1410 5980
4 1410 6017
5 1410 4940
6 1410 4983
7 1410 5021
8 1410 4947
9 1410 4986
---------------
0 1510 5031
1 1510 4977
2 1510 4995
3 1510 5967
4 1510 4981
5 1510 4942
6 1510 4983
7 1510 4983
8 1510 4984
9 1510 4989
---------------
0 1610 4982
1 1610 4984
2 1610 5981
3 1610 4982
4 1610 5981
5 1610 7022
6 1610 5934
7 1610 6978
8 1610 5979
9 1610 4968
---------------
0 1710 5961
1 1710 4983
2 1710 4984
3 1710 7973
4 1710 4983
5 1710 5982
6 1710 5978
7 1710 4984
8 1710 6975
9 1710 9947
---------------
0 1810 5016
1 1810 4994
2 1810 5928
3 1810 3985
4 1810 7974
5 1810 5986
6 1810 6977
7 1810 5985
8 1810 4983
9 1810 4983
---------------
0 1910 5015
1 1910 4982
2 1910 4980
3 1910 5993
4 1910 4030
5 1910 4590
6 1910 4984
7 1910 5981
8 1910 3983
9 1910 5029
---------------
0 2010 3986
1 2010 4984
2 2010 4984
3 2010 4981
4 2010 5981
5 2010 5020
6 2010 4931
7 2010 4983
8 2010 5006
9 2010 4999
---------------
0 2110 4981
1 2110 4935
2 2110 5981
3 2110 4983
4 2110 5981
5 2110 5980
6 2110 4982
7 2110 6977
8 2110 5016
9 2110 4992
---------------
0 2210 4968
1 2210 4983
2 2210 3986
3 2210 4985
4 2210 5011
5 2210 4956
6 2210 5980
7 2210 4982
8 2210 5025
9 2210 6937
---------------
0 2310 4961
1 2310 6979
2 2310 5837
3 2310 3986
4 2310 5021
5 2310 5942
6 2310 4983
7 2310 4984
8 2310 4943
9 2310 3986
---------------
0 2410 4942
1 2410 4984
2 2410 4984
3 2410 5978
4 2410 4031
5 2410 4954
6 2410 5983
7 2410 4990
8 2410 4983
9 2410 4976
---------------
0 2510 4982
1 2510 6978
2 2510 7973
3 2510 7018
4 2510 5034
5 2510 4932
6 2510 4984
7 2510 5980
8 2510 5005
9 2510 4031
---------------
0 2610 4982
1 2610 4984
2 2610 4939
3 2610 8968
4 2610 6036
5 2610 6922
6 2610 4799
7 2610 4986
8 2610 5978
9 2610 4984
---------------
0 2710 4984
1 2710 5022
2 2710 4942
3 2710 5982
4 2710 4982
5 2710 6050
6 2710 5911
7 2710 5017
8 2710 5945
9 2710 5020
---------------
0 2810 5974
1 2810 5239
2 2810 5939
3 2810 6977
4 2810 6242
5 2810 5018
6 2810 4986
7 2810 6974
8 2810 4940
9 2810 5984
---------------
0 2910 4981
1 2910 5979
2 2910 6988
3 2910 5010
4 2910 3985
5 2910 4984
6 2910 4982
7 2910 5986
8 2910 4265
9 2910 4989
---------------
0 3010 4985
1 3010 5997
2 3010 5958
3 3010 4983
4 3010 4989
5 3010 4983
6 3010 4983
7 3010 4983
8 3010 4979
9 3010 4984
---------------
0 3110 4983
1 3110 6977
2 3110 4983
3 3110 5981
4 3110 4984
5 3110 6982
6 3110 4976
7 3110 4983
8 3110 4985
9 3110 4983
---------------
0 3210 4982
1 3210 5980
2 3210 4982
3 3210 3987
4 3210 4984
5 3210 3988
6 3210 4983
7 3210 7974
8 3210 4841
9 3210 5980
---------------
0 3310 4983
1 3310 4983
2 3310 5987
3 3310 4978
4 3310 4982
5 3310 5980
6 3310 4983
7 3310 4984
8 3310 5019
9 3310 7938
---------------
0 3410 5980
1 3410 4984
2 3410 7013
3 3410 4947
4 3410 4983
5 3410 6976
6 3410 4983
7 3410 4984
8 3410 6980
9 3410 4980
---------------
0 3510 7973
1 3510 7973
2 3510 7095
3 3510 4986
4 3510 5980
5 3510 4983
6 3510 5980
7 3510 4984
8 3510 5986
9 3510 5975
---------------
0 3610 5986
1 3610 4983
2 3610 4978
3 3610 3986
4 3610 4981
5 3610 5985
6 3610 4984
7 3610 5976
8 3610 4987
9 3610 4983
---------------
0 3710 5019
1 3710 3987
2 3710 5022
3 3710 4945
4 3710 4982
5 3710 5981
6 3710 5980
7 3710 22923
8 3710 13954
9 3710 15946
---------------
0 3810 9967
1 3810 8970
2 3810 7961
3 3810 11165
4 3810 7153
5 3810 9967
6 3810 13927
7 3810 9972
8 3810 7874
9 3810 9966
---------------
0 3910 7970
1 3910 8970
2 3910 6977
3 3910 9967
4 3910 6979
5 3910 13060
6 3910 9862
7 3910 6974
8 3910 12958
9 3910 10962
---------------
0 4010 8976
1 4010 5984
2 4010 4979
3 4010 5825
4 4010 4984
5 4010 12962
6 4010 4982
7 4010 8987
8 4010 4984
9 4010 9966
---------------
0 4110 11960
1 4110 6976
2 4110 10967
3 4110 4981
4 4110 6979
5 4110 4982
6 4110 8971
7 4110 8959
8 4110 7969
9 4110 4981
---------------
0 4210 10963
1 4210 5980
2 4210 8969
3 4210 5982
4 4210 6976
5 4210 4988
6 4210 4984
7 4210 5980
8 4210 4978
9 4210 4984
---------------
0 4310 7974
1 4310 4983
2 4310 6979
3 4310 6974
4 4310 4990
5 4310 7974
6 4310 4985
7 4310 5981
8 4310 5979
9 4310 4985
---------------
0 4410 7975
1 4410 4978
2 4410 6972
3 4410 3986
4 4410 3987
5 4410 8969
6 4410 4985
7 4410 6978
8 4410 6974
9 4410 5981
---------------
0 4510 5991
1 4510 6966
2 4510 7975
3 4510 6975
4 4510 6983
5 4510 4988
6 4510 6976
7 4510 4978
8 4510 7024
9 4510 5937
---------------
0 4610 4982
1 4610 4978
2 4610 4983
3 4610 4989
4 4610 5974
5 4610 5704
6 4610 4978
7 4610 6981
8 4610 4984
9 4610 4983
---------------
0 4710 5974
1 4710 4984
2 4710 5980
3 4710 5986
4 4710 4983
5 4710 4984
6 4710 7969
7 4710 5979
8 4710 6977
9 4710 5981
---------------
0 4810 6970
1 4810 5986
2 4810 4983
3 4810 9960
4 4810 4990
5 4810 5976
6 4810 3986
7 4810 3986
8 4810 5981
9 4810 4983
---------------
0 4910 4983
1 4910 6976
2 4910 5986
3 4910 4983
4 4910 6019
5 4910 5979
6 4910 4982
7 4910 6017
8 4910 4995
9 4910 4011
---------------
0 5010 6939
1 5010 5025
2 5010 4941
3 5010 4982
4 5010 4984
5 5010 6979
6 5010 7128
7 5010 3951
8 5010 5981
9 5010 4982
---------------
0 5110 4984
1 5110 6976
2 5110 4983
3 5110 10966
4 5110 6974
5 5110 5986
6 5110 5979
7 5110 4983
8 5110 5981
9 5110 4983
---------------
0 5210 4983
1 5210 5976
2 5210 5979
3 5210 4983
4 5210 5981
5 5210 5985
6 5210 5975
7 5210 7973
8 5210 5986
9 5210 5980
---------------
0 5310 4984
1 5310 5980
2 5310 6015
3 5310 5025
4 5310 4981
5 5310 5940
6 5310 3989
7 5310 3957
8 5310 5984
9 5310 5992
---------------
0 5410 3984
1 5410 5943
2 5410 5022
3 5410 5940
4 5410 6120
5 5410 5840
6 5410 4982
7 5410 5979
8 5410 5028
9 5410 5936
---------------
0 5510 5023
1 5510 4985
2 5510 5937
3 5510 8969
4 5510 8970
5 5510 23921
6 5510 6974
7 5510 7972
8 5510 8972
9 5510 8972
---------------
0 5610 4709
1 5610 5979
2 5610 4984
3 5610 4988
4 5610 7973
5 5610 4979
6 5610 7973
7 5610 5980
8 5610 4983
9 5610 6981
---------------
0 5710 4976
1 5710 7222
2 5710 4941
3 5710 4983
4 5710 5980
5 5710 4983
6 5710 4984
7 5710 5985
8 5710 4984
9 5710 5979
---------------
0 5810 9967
1 5810 4983
2 5810 6972
3 5810 5985
4 5810 4983
5 5810 5976
6 5810 3991
7 5810 3986
8 5810 5980
9 5810 4983
---------------
0 5910 4989
1 5910 5981
2 5910 4978
3 5910 5979
4 5910 5980
5 5910 4988
6 5910 6977
7 5910 5974
8 5910 4984
9 5910 6031
---------------
0 6010 4747
1 6010 5975
2 6010 5979
3 6010 5981
4 6010 5979
5 6010 3987
6 6010 4988
7 6010 4977
8 6010 4983
9 6010 4990
---------------
0 6110 4988
1 6110 5982
2 6110 4981
3 6110 6987
4 6110 4986
5 6110 4983
6 6110 5985
7 6110 3986
8 6110 4984
9 6110 6976
---------------
0 6210 4983
1 6210 6992
2 6210 4983
3 6210 4983
4 6210 5982
5 6210 4986
6 6210 4980
7 6210 4980
8 6210 4003
9 6210 3986
---------------
0 6310 6964
1 6310 5012
2 6310 5945
3 6310 5981
4 6310 4989
5 6310 8970
6 6310 4839
7 6310 5982
8 6310 4978
9 6310 5947
---------------
0 6410 7986
1 6410 5984
2 6410 7970
3 6410 4945
4 6410 9013
5 6410 5149
6 6410 4986
7 6410 5979
8 6410 4983
9 6410 3988
---------------
0 6510 6983
1 6510 4983
2 6510 6979
3 6510 4982
4 6510 5020
5 6510 4942
6 6510 5979
7 6510 4983
8 6510 7010
9 6510 4037
---------------
0 6610 5024
1 6610 5980
2 6610 4989
3 6610 4981
4 6610 5025
5 6610 4942
6 6610 6976
7 6610 4985
8 6610 6024
9 6610 6978
---------------
0 6710 4032
1 6710 4938
2 6710 5020
3 6710 4977
4 6710 6095
5 6710 9852
6 6710 6015
7 6710 4948
8 6710 5983
9 6710 5978
---------------
0 6810 3983
1 6810 5981
2 6810 5985
3 6810 4984
4 6810 4983
5 6810 5974
6 6810 4989
7 6810 4978
8 6810 5982
9 6810 4028
---------------
0 6910 4988
1 6910 6937
2 6910 6976
3 6910 6975
4 6910 5019
5 6910 5946
6 6910 5980
7 6910 5027
8 6910 4973
9 6910 5809
---------------
0 7010 4948
1 7010 6533
2 7010 4942
3 7010 4985
4 7010 6022
5 7010 4982
6 7010 5979
7 7010 5982
8 7010 4983
9 7010 6980
---------------
0 7110 4982
1 7110 5979
2 7110 5986
3 7110 4978
4 7110 7978
5 7110 5647
6 7110 6495
7 7110 5979
8 7110 5980
9 7110 6979
---------------
0 7210 4647
1 7210 5980
2 7210 4984
3 7210 4989
4 7210 6977
5 7210 4977
6 7210 4985
7 7210 5980
8 7210 4983
9 7210 9011
---------------
0 7310 5986
1 7310 4978
2 7310 6976
3 7310 7974
4 7310 6977
5 7310 5974
6 7310 4982
7 7310 5981
8 7310 6977
9 7310 6010
---------------
0 7410 4983
1 7410 3988
2 7410 4984
3 7410 4984
4 7410 4984
5 7410 7973
6 7410 5958
7 7410 5896
8 7410 4978
9 7410 4983
---------------
0 7510 7979
1 7510 4989
2 7510 5975
3 7510 4988
4 7510 4984
5 7510 5975
6 7510 4983
7 7510 5986
8 7510 6976
9 7510 4983
---------------
0 7610 4977
1 7610 4979
2 7610 4985
3 7610 5015
4 7610 5934
5 7610 4972
6 7610 5937
7 7610 6977
8 7610 5026
9 7610 5937
---------------
0 7710 4981
1 7710 5980
2 7710 5981
3 7710 5018
4 7710 4948
5 7710 5983
6 7710 5028
7 7710 4939
8 7710 4983
9 7710 4984
---------------
0 7810 4983
1 7810 4983
2 7810 5979
3 7810 6016
4 7810 5944
5 7810 3986
6 7810 6029
7 7810 5974
8 7810 4940
9 7810 8016
---------------
0 7910 4983
1 7910 6977
2 7910 6978
3 7910 5018
4 7910 10928
5 7910 4025
6 7910 6094
7 7910 3987
8 7910 4983
9 7910 6977
---------------
0 8010 4997
1 8010 5981
2 8010 5980
3 8010 5025
4 8010 6933
5 8010 5980
6 8010 5980
7 8010 5983
8 8010 6962
9 8010 7907
---------------
0 8110 8830
1 8110 8481
2 8110 5984
3 8110 6077
4 8110 3990
5 8110 4984
6 8110 5980
7 8110 4983
8 8110 3992
9 8110 4978
---------------
0 8210 4984
1 8210 4983
2 8210 4983
3 8210 4983
4 8210 4984
5 8210 6983
6 8210 4983
7 8210 6971
8 8210 4982
9 8210 4985
---------------
0 8310 6008
1 8310 4955
2 8310 3987
3 8310 3986
4 8310 5985
5 8310 5981
6 8310 3986
7 8310 6223
8 8310 4984
9 8310 4982
---------------
0 8410 5982
1 8410 5983
2 8410 5976
3 8410 4982
4 8410 5981
5 8410 5980
6 8410 4983
7 8410 4992
8 8410 4974
9 8410 5986
---------------
0 8510 3986
1 8510 5975
2 8510 5980
3 8510 4984
4 8510 5981
5 8510 4982
6 8510 4983
7 8510 5983
8 8510 5713
9 8510 4984
---------------
0 8610 4988
1 8610 4984
2 8610 4983
3 8610 4989
4 8610 4983
5 8610 4984
6 8610 5979
7 8610 4978
8 8610 5986
9 8610 6011
---------------
0 8710 4993
1 8710 4979
2 8710 6982
3 8710 5966
4 8710 4950
5 8710 5035
6 8710 5980
7 8710 6026
8 8710 4937
9 8710 3964
---------------
0 8810 5980
1 8810 5983
2 8810 5017
3 8810 5943
4 8810 6030
5 8810 4936
6 8810 6014
7 8810 16908
8 8810 6989
9 8810 12958
---------------
0 8910 5047
1 8910 9996
2 8910 6942
3 8910 5980
4 8910 4984
5 8910 6977
6 8910 4044
7 8910 4939
8 8910 4982
9 8910 4983
---------------
0 9010 7970
1 9010 4988
2 9010 4984
3 9010 5978
4 9010 4988
5 9010 4977
6 9010 6978
7 9010 5040
8 9010 3970
9 9010 4937
---------------
0 9110 6018
1 9110 4945
2 9110 5980
3 9110 5021
4 9110 6029
5 9110 4985
6 9110 4982
7 9110 3986
8 9110 5986
9 9110 4983
---------------
0 9210 4983
1 9210 4978
2 9210 3990
3 9210 4984
4 9210 6976
5 9210 4984
6 9210 4983
7 9210 6016
8 9210 4979
9 9210 3986
---------------
0 9310 5943
1 9310 4983
2 9310 4984
3 9310 6027
4 9310 4937
5 9310 5047
6 9310 5963
7 9310 4983
8 9310 4978
9 9310 5939
---------------
0 9410 5025
1 9410 3988
2 9410 4932
3 9410 3987
4 9410 4986
5 9410 6027
6 9410 5931
7 9410 5980
8 9410 4984
9 9410 4967
---------------
0 9510 6976
1 9510 6022
2 9510 4985
3 9510 4986
4 9510 5934
5 9510 4983
6 9510 4983
7 9510 4983
8 9510 4986
9 9510 4983
---------------
0 9610 8970
1 9610 5029
2 9610 5934
3 9610 3986
4 9610 4031
5 9610 6081
6 9610 4841
7 9610 4984
8 9610 6976
9 9610 5021
---------------
0 9710 4987
1 9710 8960
2 9710 5992
3 9710 4975
4 9710 5161
5 9710 4808
6 9710 7937
7 9710 6975
8 9710 11157
9 9710 4983
---------------
0 9810 5982
1 9810 4973
2 9810 4989
3 9810 5984
4 9810 4980
5 9810 3987
6 9810 5981
7 9810 4987
8 9810 4977
9 9810 5981
---------------
0 9910 4868
1 9910 3992
2 9910 5976
3 9910 6976
4 9910 4983
5 9910 6203
6 9910 4769
7 9910 5979
8 9910 5030
9 9910 4936
---------------
