0.16944
0.3982
0.3988
0.3987
0.3986
0.3984
0.4936
0.3993
0.3992
0.4979
0.4982
0.3987
0.4984
0.3987
0.3985
0.4942
0.4968
0.4983
0.3985
0.3983
0.3986
0.4935
0.3986
0.3986
0.4031
0.4031
0.4799
0.4942
0.4940
0.3985
0.4979
0.4976
0.3987
0.4978
0.4947
0.4983
0.3986
0.13954
0.11165
0.10962
0.12962
0.10967
0.10963
0.4983
0.3986
0.4978
0.4978
0.4983
0.3986
0.4011
0.3951
0.10966
0.4983
0.3957
0.3984
0.23921
0.4709
0.4941
0.3986
0.4978
0.3987
0.3986
0.3986
0.4839
0.3988
0.4037
0.4942
0.4032
0.3983
0.4973
0.4942
0.4978
0.4647
0.4978
0.3988
0.4983
0.4972
0.4939
0.3986
0.10928
0.4997
0.3990
0.4982
0.3986
0.4974
0.3986
0.4978
0.3964
0.12958
0.4044
0.3970
0.3986
0.3986
0.4937
0.3987
0.4983
0.3986
0.11157
0.3987
0.3992
